2889300 1 04.2002 I -3950.10 2926.00
3020600 1 08.2002 I -3654.20 3654.20
3027500 1 02.2002 I -960.00 960.00
3055700 1 01.2002 I -11994.87 8688.00
3055700 1 01.2002 O 11994.87 0.00
3056900 1 01.2002 O 176.30 0.00
3056900 1 03.2002 I -176.30 168.03
3056900 2 01.2002 O 164.50 0.00
3056900 2 03.2002 I -164.50 156.16
3088100 1 01.2002 O 272.60 0.00
3088100 1 02.2002 I -272.60 297.65
3088100 2 01.2002 O 216.20 0.00
3088100 2 02.2002 I -216.20 243.60
3088100 3 01.2002 O 164.52 0.00
3088100 3 02.2002 I -164.52 188.52
3097800 1 01.2002 O 64.65 0.00
3097800 1 02.2002 I -64.65 63.63
3097800 2 01.2002 O 59.40 0.00
3097800 2 02.2002 I -59.40 59.40
3097800 3 01.2002 O 93.81 0.00
3097800 3 02.2002 I -93.81 93.80
3106200 1 02.2002 I -61.86 61.86
3106200 1 02.2002 O 61.86 0.00
3106200 10 02.2002 I -22.96 22.96
3106200 10 02.2002 O 22.96 0.00
3106200 11 02.2002 I -105.76 118.44
3106200 11 02.2002 O 105.76 0.00
3106200 2 02.2002 I -21.60 21.57
3106200 2 02.2002 O 21.60 0.00
3106200 3 02.2002 I -31.40 31.40
3106200 3 02.2002 O 31.40 0.00
3106200 4 02.2002 I -108.78 108.78
3106200 4 02.2002 O 108.78 0.00
3106200 5 02.2002 I -14.70 14.69
3106200 5 02.2002 O 14.70 0.00
3106200 6 02.2002 I -17.58 17.55
3106200 6 02.2002 O 17.58 0.00
3106200 7 02.2002 I -88.80 88.78
3106200 7 02.2002 O 88.80 0.00
3106200 8 02.2002 I -22.64 22.63
3106200 8 02.2002 O 22.64 0.00
3106200 9 02.2002 I -56.40 56.40
3106200 9 02.2002 O 56.40 0.00
3117700 1 02.2002 O 800.00 0.00
3117700 1 04.2002 I -800.00 480.00
3119000 1 02.2002 O 64.65 0.00
3119000 1 03.2002 I -64.65 52.17
3119000 2 02.2002 O 59.40 0.00
3119000 2 03.2002 I -59.40 59.40
3119000 3 02.2002 O 93.81 0.00
3119000 3 03.2002 I -93.81 93.80
3121800 1 02.2002 O 71.00 0.00
3121800 1 03.2002 I -71.00 70.50
3121800 2 02.2002 O 71.00 0.00
3121800 2 03.2002 I -71.00 70.50
3121800 3 02.2002 O 58.75 0.00
3121800 3 03.2002 I -58.75 61.01
3121800 4 02.2002 O 54.05 0.00
3121800 4 03.2002 I -54.05 53.54
3136400 1 03.2002 O 200.00 0.00
3136400 1 04.2002 I -200.00 100.00
3137700 1 03.2002 O 300.00 0.00
3137700 1 04.2002 I -300.00 130.00
3147400 1 03.2002 I -140.00 140.00
3147400 1 03.2002 O 140.00 0.00
3148100 1 03.2002 O 86.20 0.00
3148100 1 04.2002 I -86.20 82.20
3151900 1 03.2002 I -705.00 543.73
3151900 1 03.2002 O 705.00 0.00
3151900 2 03.2002 I -47.00 65.21
3151900 2 03.2002 O 47.00 0.00
3196100 1 04.2002 O 35.28 0.00
3196100 1 05.2002 I -35.28 34.97
3269700 1 06.2002 O 705.00 0.00
3269700 1 12.2002 I -705.00 0.00
3271000 1 06.2002 O 165.00 0.00
3271000 1 07.2002 I -33.00 33.00
3271000 1 07.2002 I -33.00 33.00
3271000 1 07.2002 I -49.50 49.50
3271000 1 07.2002 I -49.50 49.50
3293100 1 06.2002 O 94.00 0.00
3293100 1 08.2002 I -94.00 198.58
3293100 2 06.2002 O 94.00 0.00
3293100 2 08.2002 I -94.00 98.70
3293100 3 06.2002 O 94.00 0.00
3293100 3 08.2002 I -94.00 118.68
3293100 4 06.2002 O 94.00 0.00
3293100 4 08.2002 I -94.00 111.63
3293100 5 06.2002 O 94.00 0.00
3293100 5 08.2002 I -94.00 111.63
3293100 6 06.2002 O 94.00 0.00
3293100 6 08.2002 I -94.00 98.70
3301000 1 07.2002 O 272.60 0.00
3301000 1 08.2002 I -272.60 276.22
3301000 2 07.2002 O 216.20 0.00
3301000 2 08.2002 I -216.20 219.16
3301000 3 07.2002 O 164.52 0.00
3301000 3 08.2002 I -164.52 165.96
3301000 4 07.2002 O 282.00 0.00
3301000 4 08.2002 I -282.00 300.10
3301000 5 07.2002 O 235.00 0.00
3301000 5 08.2002 I -235.00 231.90
3301000 6 07.2002 O 235.00 0.00
3301000 6 08.2002 I -235.00 181.89
3307000 1 07.2002 I -336.00 336.05
3307000 1 07.2002 O 336.00 0.00
3307000 2 07.2002 I -289.20 289.29
3307000 2 07.2002 O 289.20 0.00
3307000 3 07.2002 I -87.50 32.10
3307000 3 07.2002 O 87.50 0.00
3307000 4 07.2002 I -44.50 99.29
3307000 4 07.2002 O 44.50 0.00
3307000 5 07.2002 I -32.10 44.65
3307000 5 07.2002 O 32.10 0.00
3307000 6 07.2002 I -15.50 15.51
3307000 6 07.2002 O 15.50 0.00
3307000 7 07.2002 I -243.60 243.60
3307000 7 07.2002 O 243.60 0.00
3307000 8 07.2002 I -94.26 94.26
3307000 8 07.2002 O 94.26 0.00
3308200 1 07.2002 O 11750.00 0.00
3308200 1 11.2002 I -158.67 158.67
3308200 1 11.2002 I -1688.61 1688.61
3308200 1 11.2002 I -439.89 439.89
3308200 1 12.2002 I -12.90 12.90
3308200 1 12.2002 I -130.29 130.29
3308200 1 12.2002 I -1549.29 1549.29
3308200 1 12.2002 I -1726.02 1726.02
3308200 1 12.2002 I -197.37 197.37
3308200 1 12.2002 I -281.22 281.22
3308200 1 12.2002 I -34.83 34.83
3308200 1 12.2002 I -368.94 368.94
3308200 1 12.2002 I -3919.70 125.13
3308200 1 12.2002 I -410.22 410.22
3308200 1 12.2002 I -563.73 563.73
3308200 1 12.2002 I -85.14 85.14
3308200 1 12.2002 I -90.30 90.30
3308200 1 12.2002 I -92.88 92.88
3308200 2 07.2002 O 0.00 0.00
3308200 2 12.2002 I 0.00 0.00
3363800 1 08.2002 O 395.00 0.00
3363800 1 10.2002 I -395.00 395.00
3379100 1 08.2002 O 14.12 0.00
3379100 1 09.2002 I -14.12 7.85
3379100 2 08.2002 O 225.60 0.00
3379100 2 09.2002 I -225.60 239.89
3379100 3 08.2002 O 176.30 0.00
3379100 3 09.2002 I -176.30 168.03
3379100 4 08.2002 O 176.30 0.00
3379100 4 09.2002 I -176.30 168.03
3379100 5 08.2002 O 117.50 0.00
3379100 5 09.2002 I -117.50 148.83
3379100 6 08.2002 O 117.50 0.00
3379100 6 09.2002 I -117.50 121.80
3379100 7 08.2002 O 117.50 0.00
3379100 7 09.2002 I -117.50 94.26
3381100 1 08.2002 O 36.07 0.00
3381100 1 09.2002 I -36.07 36.07
3418100 1 09.2002 O 141.04 0.00
3418100 1 11.2002 I -141.04 134.42
3418100 2 09.2002 O 18.88 0.00
3418100 2 11.2002 I -18.88 15.79
3418100 3 09.2002 O 282.00 0.00
3418100 3 11.2002 I -282.00 99.05
3447900 1 10.2002 O 81.22 0.00
3447900 1 11.2002 I -81.22 81.21
3474000 1 11.2002 O 58.75 0.00
3474000 1 12.2002 I -58.75 69.34
3474000 2 11.2002 O 117.50 0.00
3474000 2 12.2002 I -117.50 122.79
3474000 3 11.2002 O 58.75 0.00
3474000 3 12.2002 I -58.75 47.13
3488400 1 11.2002 O 141.04 0.00
3488400 1 12.2002 I -141.04 134.42
3488400 2 11.2002 O 18.88 0.00
3488400 2 12.2002 I -18.88 15.79
